4771752.5000  260571.234375
1827279.2500   75340.437500
1386868.6250  121594.187500
 759432.8750  114341.773438
 979906.8125  107028.882812
1314675.6250  133452.375000
1697850.3750  182266.390625
2367012.5000  251824.531250
2722962.0000  233941.109375
3226395.2500   79129.320312
4248727.5000  135732.734375
5026157.5000  148835.765625
4896111.0000  195938.984375
4458547.0000  263057.125000
4458604.0000  340409.156250
3964539.5000  334539.843750
3471328.0000  313867.968750
2618334.7500  261743.875000
2197642.2500  199504.515625
